[600, 335, 295, 55, 1455, 885, 545, 1990, 1780, 4310, 3155, 2930, 3090, 2100, 2460, 2270, 3110, 3135, 1105, 240, 775, 330, 4060, 4060] 
 [600, 335, 295, 55, 1455, 885, 545, -10, -220, 2310, 1155, 930, 1090, 100, 460, 270, 1110, 1135, -895, -1760, -1225, -1670, 60, -1940] 
 3 -1940 0 Aidan 

[600, 495, 685, 1130, 2530, 2015, 2290, 4200, 4200, 7240, 6720, 6510, 8980, 7870, 7510, 7300, 7365, 5685, 9495, 11605, 6500, 7660, 4535, 4535] 
 [600, 495, 685, 1130, 2530, 2015, 2290, 4200, 4200, 7240, 6720, 6510, 8980, 7870, 7510, 7300, 7365, 5685, 9495, 11605, 6500, 7660, 4535, 4535] 
 0 4535 0 Ben 

[0, 0, 0, 0, 2000, 2000, 2000, 3450, 3330, 3330, 3330, 3330, 3330, 4970, 4990, 6185, 6800, 4335, 1460, 0, 160, 160, 1740, 1740] 
 [0, 0, 0, 0, 0, -2000, -2000, -550, -670, -670, -670, -670, -670, 970, 990, 2185, 2800, 335, -2540, -4000, -3840, -3840, -2260, -2260] 
 2 -2260 0 Cooper 

[600, 600, 600, 600, 2000, 2000, 2000, 2000, 4300, 4135, 4160, 4810, 5790, 3070, 4140, 2625, 3670, 2795, 3460, 5045, 6230, 4710, 0, 0] 
 [600, 600, 600, 600, 2000, 2000, 2000, 2000, 4300, 4135, 4160, 4810, 5790, 3070, 4140, 2625, 3670, 2795, 3460, 5045, 6230, 4710, 0, 0] 
 0 0 0 Hunter 

[600, 685, 685, 140, 1540, 1560, 1655, 1315, 1225, 1150, 1475, 1310, 80, 80, 60, 60, 60, 60, 60, 60, 60, 60, 60, 60] 
 [600, 685, 685, 140, 1540, 1560, 1655, 1315, 1225, 1150, 1475, 1310, 80, 80, 60, 60, 60, 60, 60, 60, 60, 60, 60, 60] 
 0 60 0 Mitchell 

[600, 600, 600, 1105, 2505, 2825, 4455, 3550, 3880, 3680, 3680, 2000, 2000, 2000, 2000, 110, 2110, 2110, 0, 0, 0, 0, 0, 0] 
 [-1400, -1400, -1400, -895, 505, 825, 2455, 1550, 1880, 1680, 1680, 0, 0, 0, 0, -1890, -1890, -1890, -4000, -4000, -4000, -4000, -4000, -4000] 
 2 -4000 0 Oscar 

[600, 850, 700, 570, 1970, 4715, 3050, 3335, 3330, 0, 3630, 5260, 2880, 6060, 6990, 9600, 7035, 11780, 14610, 13200, 16225, 17365, 19755, 19755] 
 [600, 850, 700, 570, 1970, 4715, 3050, 3335, 3330, -2000, -370, 1260, -1120, 2060, 2990, 5600, 3035, 7780, 10610, 9200, 12225, 13365, 15755, 15755] 
 2 15755 0 Xavier 

